family
00010000000000000000000000000000
00000000000000000000000000000000
00000000000000000000000000000000
00000000000000000000000000000000
00000000000000000000000000000000
00000000000000000000000000000000
00000000000000000000000000000000
00000000000000000000000000000000
00000000000000000000000000000000
00000000000000000000000000000000
00000000000000010101010000000000
00000000000000010101010000000000
00000000000000010101010000000000
00000000000000010101010000000000
00000000000000000000000000000000
00000000000000000000000000000000

neighbors
00ff0000000000000000000000000000
00000000000000000000000000000000
00000000000000000000000000000000
00000000000000000000000000000000
00000000000000000000000000000000
00000000000000000000000000000000
00000000000000000000000000000000
00000000000000000000000000000000
00000000000000000000000000000000
00000000000000000000000000000000
000000000000000b1f16000000000000
000000000000006bffd6020000000000
0000000000000068f8d0420000000000
00000000000000081810400000000000
00000000000000000000000000000000
00000000000000000000000000000000

